Area,Concurso,Clave_carrera,Codigo_opcion,Carrera,Plantel,Modalidad,URL_resultados,Oferta,Aspirantes,Presentaron_examen,Aciertos_minimos,Seleccionados,Numero_comprobante,Aciertos,Acreditado,Estatus,Detalles,Diagnostico
4,Licenciatura 2026,406,40602005,DISEÑO GRAFICO,FES ACATLÁN,Escolarizado,https://www.dgae.unam.mx/Licenciatura2026/resultados_control/4/40602005.html,36,157,91,62,45,330236,45,,No seleccionada/o,,
4,Licenciatura 2026,406,40602005,DISEÑO GRAFICO,FES ACATLÁN,Escolarizado,https://www.dgae.unam.mx/Licenciatura2026/resultados_control/4/40602005.html,36,157,91,62,45,330463,45,,No seleccionada/o,,
4,Licenciatura 2026,406,40602005,DISEÑO GRAFICO,FES ACATLÁN,Escolarizado,https://www.dgae.unam.mx/Licenciatura2026/resultados_control/4/40602005.html,36,157,91,62,45,330732,,N,No presentada/o,,
4,Licenciatura 2026,406,40602005,DISEÑO GRAFICO,FES ACATLÁN,Escolarizado,https://www.dgae.unam.mx/Licenciatura2026/resultados_control/4/40602005.html,36,157,91,62,45,330733,,N,No presentada/o,,
4,Licenciatura 2026,406,40602005,DISEÑO GRAFICO,FES ACATLÁN,Escolarizado,https://www.dgae.unam.mx/Licenciatura2026/resultados_control/4/40602005.html,36,157,91,62,45,330755,,N,No presentada/o,,
4,Licenciatura 2026,406,40602005,DISEÑO GRAFICO,FES ACATLÁN,Escolarizado,https://www.dgae.unam.mx/Licenciatura2026/resultados_control/4/40602005.html,36,157,91,62,45,330757,73,S,Seleccionada/o,Cita para entregar documentación.,
4,Licenciatura 2026,406,40602005,DISEÑO GRAFICO,FES ACATLÁN,Escolarizado,https://www.dgae.unam.mx/Licenciatura2026/resultados_control/4/40602005.html,36,157,91,62,45,331043,37,,No seleccionada/o,,
4,Licenciatura 2026,406,40602005,DISEÑO GRAFICO,FES ACATLÁN,Escolarizado,https://www.dgae.unam.mx/Licenciatura2026/resultados_control/4/40602005.html,36,157,91,62,45,331301,,N,No presentada/o,,
4,Licenciatura 2026,406,40602005,DISEÑO GRAFICO,FES ACATLÁN,Escolarizado,https://www.dgae.unam.mx/Licenciatura2026/resultados_control/4/40602005.html,36,157,91,62,45,331507,,N,No presentada/o,,
4,Licenciatura 2026,406,40602005,DISEÑO GRAFICO,FES ACATLÁN,Escolarizado,https://www.dgae.unam.mx/Licenciatura2026/resultados_control/4/40602005.html,36,157,91,62,45,331554,38,,No seleccionada/o,,
4,Licenciatura 2026,406,40602005,DISEÑO GRAFICO,FES ACATLÁN,Escolarizado,https://www.dgae.unam.mx/Licenciatura2026/resultados_control/4/40602005.html,36,157,91,62,45,331783,69,S,Seleccionada/o,Cita para entregar documentación.,
4,Licenciatura 2026,406,40602005,DISEÑO GRAFICO,FES ACATLÁN,Escolarizado,https://www.dgae.unam.mx/Licenciatura2026/resultados_control/4/40602005.html,36,157,91,62,45,331813,65,S,Seleccionada/o,Cita para entregar documentación.,
4,Licenciatura 2026,406,40602005,DISEÑO GRAFICO,FES ACATLÁN,Escolarizado,https://www.dgae.unam.mx/Licenciatura2026/resultados_control/4/40602005.html,36,157,91,62,45,331857,,N,No presentada/o,,
4,Licenciatura 2026,406,40602005,DISEÑO GRAFICO,FES ACATLÁN,Escolarizado,https://www.dgae.unam.mx/Licenciatura2026/resultados_control/4/40602005.html,36,157,91,62,45,331859,71,S,Seleccionada/o,,
4,Licenciatura 2026,406,40602005,DISEÑO GRAFICO,FES ACATLÁN,Escolarizado,https://www.dgae.unam.mx/Licenciatura2026/resultados_control/4/40602005.html,36,157,91,62,45,331957,,N,No presentada/o,,
4,Licenciatura 2026,406,40602005,DISEÑO GRAFICO,FES ACATLÁN,Escolarizado,https://www.dgae.unam.mx/Licenciatura2026/resultados_control/4/40602005.html,36,157,91,62,45,331993,,N,No presentada/o,,
4,Licenciatura 2026,406,40602005,DISEÑO GRAFICO,FES ACATLÁN,Escolarizado,https://www.dgae.unam.mx/Licenciatura2026/resultados_control/4/40602005.html,36,157,91,62,45,332081,,N,No presentada/o,,
4,Licenciatura 2026,406,40602005,DISEÑO GRAFICO,FES ACATLÁN,Escolarizado,https://www.dgae.unam.mx/Licenciatura2026/resultados_control/4/40602005.html,36,157,91,62,45,332085,52,,No seleccionada/o,,
4,Licenciatura 2026,406,40602005,DISEÑO GRAFICO,FES ACATLÁN,Escolarizado,https://www.dgae.unam.mx/Licenciatura2026/resultados_control/4/40602005.html,36,157,91,62,45,332106,,N,No presentada/o,,
4,Licenciatura 2026,406,40602005,DISEÑO GRAFICO,FES ACATLÁN,Escolarizado,https://www.dgae.unam.mx/Licenciatura2026/resultados_control/4/40602005.html,36,157,91,62,45,332159,,N,No presentada/o,,
4,Licenciatura 2026,406,40602005,DISEÑO GRAFICO,FES ACATLÁN,Escolarizado,https://www.dgae.unam.mx/Licenciatura2026/resultados_control/4/40602005.html,36,157,91,62,45,332179,,N,No presentada/o,,
4,Licenciatura 2026,406,40602005,DISEÑO GRAFICO,FES ACATLÁN,Escolarizado,https://www.dgae.unam.mx/Licenciatura2026/resultados_control/4/40602005.html,36,157,91,62,45,332280,51,,No seleccionada/o,,
4,Licenciatura 2026,406,40602005,DISEÑO GRAFICO,FES ACATLÁN,Escolarizado,https://www.dgae.unam.mx/Licenciatura2026/resultados_control/4/40602005.html,36,157,91,62,45,332684,81,S,Seleccionada/o,Cita para entregar documentación.,
4,Licenciatura 2026,406,40602005,DISEÑO GRAFICO,FES ACATLÁN,Escolarizado,https://www.dgae.unam.mx/Licenciatura2026/resultados_control/4/40602005.html,36,157,91,62,45,332699,,N,No presentada/o,,
4,Licenciatura 2026,406,40602005,DISEÑO GRAFICO,FES ACATLÁN,Escolarizado,https://www.dgae.unam.mx/Licenciatura2026/resultados_control/4/40602005.html,36,157,91,62,45,332734,,N,No presentada/o,,
4,Licenciatura 2026,406,40602005,DISEÑO GRAFICO,FES ACATLÁN,Escolarizado,https://www.dgae.unam.mx/Licenciatura2026/resultados_control/4/40602005.html,36,157,91,62,45,332735,62,S,Seleccionada/o,Cita para entregar documentación.,
4,Licenciatura 2026,406,40602005,DISEÑO GRAFICO,FES ACATLÁN,Escolarizado,https://www.dgae.unam.mx/Licenciatura2026/resultados_control/4/40602005.html,36,157,91,62,45,332792,50,,No seleccionada/o,,
4,Licenciatura 2026,406,40602005,DISEÑO GRAFICO,FES ACATLÁN,Escolarizado,https://www.dgae.unam.mx/Licenciatura2026/resultados_control/4/40602005.html,36,157,91,62,45,332987,,N,No presentada/o,,
4,Licenciatura 2026,406,40602005,DISEÑO GRAFICO,FES ACATLÁN,Escolarizado,https://www.dgae.unam.mx/Licenciatura2026/resultados_control/4/40602005.html,36,157,91,62,45,333028,62,S,Seleccionada/o,,
4,Licenciatura 2026,406,40602005,DISEÑO GRAFICO,FES ACATLÁN,Escolarizado,https://www.dgae.unam.mx/Licenciatura2026/resultados_control/4/40602005.html,36,157,91,62,45,333038,,N,No presentada/o,,
4,Licenciatura 2026,406,40602005,DISEÑO GRAFICO,FES ACATLÁN,Escolarizado,https://www.dgae.unam.mx/Licenciatura2026/resultados_control/4/40602005.html,36,157,91,62,45,333151,,N,No presentada/o,,
4,Licenciatura 2026,406,40602005,DISEÑO GRAFICO,FES ACATLÁN,Escolarizado,https://www.dgae.unam.mx/Licenciatura2026/resultados_control/4/40602005.html,36,157,91,62,45,333185,39,,No seleccionada/o,,
4,Licenciatura 2026,406,40602005,DISEÑO GRAFICO,FES ACATLÁN,Escolarizado,https://www.dgae.unam.mx/Licenciatura2026/resultados_control/4/40602005.html,36,157,91,62,45,333231,87,S,Seleccionada/o,,
4,Licenciatura 2026,406,40602005,DISEÑO GRAFICO,FES ACATLÁN,Escolarizado,https://www.dgae.unam.mx/Licenciatura2026/resultados_control/4/40602005.html,36,157,91,62,45,333246,60,,No seleccionada/o,,
4,Licenciatura 2026,406,40602005,DISEÑO GRAFICO,FES ACATLÁN,Escolarizado,https://www.dgae.unam.mx/Licenciatura2026/resultados_control/4/40602005.html,36,157,91,62,45,333294,,N,No presentada/o,,
4,Licenciatura 2026,406,40602005,DISEÑO GRAFICO,FES ACATLÁN,Escolarizado,https://www.dgae.unam.mx/Licenciatura2026/resultados_control/4/40602005.html,36,157,91,62,45,333463,,N,No presentada/o,,
4,Licenciatura 2026,406,40602005,DISEÑO GRAFICO,FES ACATLÁN,Escolarizado,https://www.dgae.unam.mx/Licenciatura2026/resultados_control/4/40602005.html,36,157,91,62,45,333514,85,S,Seleccionada/o,,
4,Licenciatura 2026,406,40602005,DISEÑO GRAFICO,FES ACATLÁN,Escolarizado,https://www.dgae.unam.mx/Licenciatura2026/resultados_control/4/40602005.html,36,157,91,62,45,333631,52,,No seleccionada/o,,
4,Licenciatura 2026,406,40602005,DISEÑO GRAFICO,FES ACATLÁN,Escolarizado,https://www.dgae.unam.mx/Licenciatura2026/resultados_control/4/40602005.html,36,157,91,62,45,333692,65,S,Seleccionada/o,Cita para entregar documentación.,
4,Licenciatura 2026,406,40602005,DISEÑO GRAFICO,FES ACATLÁN,Escolarizado,https://www.dgae.unam.mx/Licenciatura2026/resultados_control/4/40602005.html,36,157,91,62,45,333905,85,S,Seleccionada/o,Cita para entregar documentación.,
4,Licenciatura 2026,406,40602005,DISEÑO GRAFICO,FES ACATLÁN,Escolarizado,https://www.dgae.unam.mx/Licenciatura2026/resultados_control/4/40602005.html,36,157,91,62,45,334182,,N,No presentada/o,,
4,Licenciatura 2026,406,40602005,DISEÑO GRAFICO,FES ACATLÁN,Escolarizado,https://www.dgae.unam.mx/Licenciatura2026/resultados_control/4/40602005.html,36,157,91,62,45,334184,,N,No presentada/o,,
4,Licenciatura 2026,406,40602005,DISEÑO GRAFICO,FES ACATLÁN,Escolarizado,https://www.dgae.unam.mx/Licenciatura2026/resultados_control/4/40602005.html,36,157,91,62,45,334308,,N,No presentada/o,,
4,Licenciatura 2026,406,40602005,DISEÑO GRAFICO,FES ACATLÁN,Escolarizado,https://www.dgae.unam.mx/Licenciatura2026/resultados_control/4/40602005.html,36,157,91,62,45,334401,61,,No seleccionada/o,,
4,Licenciatura 2026,406,40602005,DISEÑO GRAFICO,FES ACATLÁN,Escolarizado,https://www.dgae.unam.mx/Licenciatura2026/resultados_control/4/40602005.html,36,157,91,62,45,334558,79,S,Seleccionada/o,,
4,Licenciatura 2026,406,40602005,DISEÑO GRAFICO,FES ACATLÁN,Escolarizado,https://www.dgae.unam.mx/Licenciatura2026/resultados_control/4/40602005.html,36,157,91,62,45,334654,,N,No presentada/o,,
4,Licenciatura 2026,406,40602005,DISEÑO GRAFICO,FES ACATLÁN,Escolarizado,https://www.dgae.unam.mx/Licenciatura2026/resultados_control/4/40602005.html,36,157,91,62,45,334745,86,S,Seleccionada/o,Cita para entregar documentación.,
4,Licenciatura 2026,406,40602005,DISEÑO GRAFICO,FES ACATLÁN,Escolarizado,https://www.dgae.unam.mx/Licenciatura2026/resultados_control/4/40602005.html,36,157,91,62,45,334751,,N,No presentada/o,,
4,Licenciatura 2026,406,40602005,DISEÑO GRAFICO,FES ACATLÁN,Escolarizado,https://www.dgae.unam.mx/Licenciatura2026/resultados_control/4/40602005.html,36,157,91,62,45,334856,77,S,Seleccionada/o,,
4,Licenciatura 2026,406,40602005,DISEÑO GRAFICO,FES ACATLÁN,Escolarizado,https://www.dgae.unam.mx/Licenciatura2026/resultados_control/4/40602005.html,36,157,91,62,45,334899,45,,No seleccionada/o,,
4,Licenciatura 2026,406,40602005,DISEÑO GRAFICO,FES ACATLÁN,Escolarizado,https://www.dgae.unam.mx/Licenciatura2026/resultados_control/4/40602005.html,36,157,91,62,45,335033,68,S,Seleccionada/o,Cita para entregar documentación.,
4,Licenciatura 2026,406,40602005,DISEÑO GRAFICO,FES ACATLÁN,Escolarizado,https://www.dgae.unam.mx/Licenciatura2026/resultados_control/4/40602005.html,36,157,91,62,45,335085,59,,No seleccionada/o,,
4,Licenciatura 2026,406,40602005,DISEÑO GRAFICO,FES ACATLÁN,Escolarizado,https://www.dgae.unam.mx/Licenciatura2026/resultados_control/4/40602005.html,36,157,91,62,45,335252,,N,No presentada/o,,
4,Licenciatura 2026,406,40602005,DISEÑO GRAFICO,FES ACATLÁN,Escolarizado,https://www.dgae.unam.mx/Licenciatura2026/resultados_control/4/40602005.html,36,157,91,62,45,335266,,N,No presentada/o,,
4,Licenciatura 2026,406,40602005,DISEÑO GRAFICO,FES ACATLÁN,Escolarizado,https://www.dgae.unam.mx/Licenciatura2026/resultados_control/4/40602005.html,36,157,91,62,45,335295,,N,No presentada/o,,
4,Licenciatura 2026,406,40602005,DISEÑO GRAFICO,FES ACATLÁN,Escolarizado,https://www.dgae.unam.mx/Licenciatura2026/resultados_control/4/40602005.html,36,157,91,62,45,335325,63,S,Seleccionada/o,,
4,Licenciatura 2026,406,40602005,DISEÑO GRAFICO,FES ACATLÁN,Escolarizado,https://www.dgae.unam.mx/Licenciatura2026/resultados_control/4/40602005.html,36,157,91,62,45,335390,65,S,Seleccionada/o,,
4,Licenciatura 2026,406,40602005,DISEÑO GRAFICO,FES ACATLÁN,Escolarizado,https://www.dgae.unam.mx/Licenciatura2026/resultados_control/4/40602005.html,36,157,91,62,45,335450,70,S,Seleccionada/o,Cita para entregar documentación.,
4,Licenciatura 2026,406,40602005,DISEÑO GRAFICO,FES ACATLÁN,Escolarizado,https://www.dgae.unam.mx/Licenciatura2026/resultados_control/4/40602005.html,36,157,91,62,45,335589,,N,No presentada/o,,
4,Licenciatura 2026,406,40602005,DISEÑO GRAFICO,FES ACATLÁN,Escolarizado,https://www.dgae.unam.mx/Licenciatura2026/resultados_control/4/40602005.html,36,157,91,62,45,335663,,N,No presentada/o,,
4,Licenciatura 2026,406,40602005,DISEÑO GRAFICO,FES ACATLÁN,Escolarizado,https://www.dgae.unam.mx/Licenciatura2026/resultados_control/4/40602005.html,36,157,91,62,45,335680,42,,No seleccionada/o,,
4,Licenciatura 2026,406,40602005,DISEÑO GRAFICO,FES ACATLÁN,Escolarizado,https://www.dgae.unam.mx/Licenciatura2026/resultados_control/4/40602005.html,36,157,91,62,45,335698,43,,No seleccionada/o,,
4,Licenciatura 2026,406,40602005,DISEÑO GRAFICO,FES ACATLÁN,Escolarizado,https://www.dgae.unam.mx/Licenciatura2026/resultados_control/4/40602005.html,36,157,91,62,45,335794,51,,No seleccionada/o,,
4,Licenciatura 2026,406,40602005,DISEÑO GRAFICO,FES ACATLÁN,Escolarizado,https://www.dgae.unam.mx/Licenciatura2026/resultados_control/4/40602005.html,36,157,91,62,45,335809,36,,No seleccionada/o,,
4,Licenciatura 2026,406,40602005,DISEÑO GRAFICO,FES ACATLÁN,Escolarizado,https://www.dgae.unam.mx/Licenciatura2026/resultados_control/4/40602005.html,36,157,91,62,45,335954,,N,No presentada/o,,
4,Licenciatura 2026,406,40602005,DISEÑO GRAFICO,FES ACATLÁN,Escolarizado,https://www.dgae.unam.mx/Licenciatura2026/resultados_control/4/40602005.html,36,157,91,62,45,336091,,N,No presentada/o,,
4,Licenciatura 2026,406,40602005,DISEÑO GRAFICO,FES ACATLÁN,Escolarizado,https://www.dgae.unam.mx/Licenciatura2026/resultados_control/4/40602005.html,36,157,91,62,45,336099,,N,No presentada/o,,
4,Licenciatura 2026,406,40602005,DISEÑO GRAFICO,FES ACATLÁN,Escolarizado,https://www.dgae.unam.mx/Licenciatura2026/resultados_control/4/40602005.html,36,157,91,62,45,336101,48,,No seleccionada/o,,
4,Licenciatura 2026,406,40602005,DISEÑO GRAFICO,FES ACATLÁN,Escolarizado,https://www.dgae.unam.mx/Licenciatura2026/resultados_control/4/40602005.html,36,157,91,62,45,336164,65,S,Seleccionada/o,Cita para entregar documentación.,
4,Licenciatura 2026,406,40602005,DISEÑO GRAFICO,FES ACATLÁN,Escolarizado,https://www.dgae.unam.mx/Licenciatura2026/resultados_control/4/40602005.html,36,157,91,62,45,336446,50,,No seleccionada/o,,
4,Licenciatura 2026,406,40602005,DISEÑO GRAFICO,FES ACATLÁN,Escolarizado,https://www.dgae.unam.mx/Licenciatura2026/resultados_control/4/40602005.html,36,157,91,62,45,336570,,N,No presentada/o,,
4,Licenciatura 2026,406,40602005,DISEÑO GRAFICO,FES ACATLÁN,Escolarizado,https://www.dgae.unam.mx/Licenciatura2026/resultados_control/4/40602005.html,36,157,91,62,45,336591,,N,No presentada/o,,
4,Licenciatura 2026,406,40602005,DISEÑO GRAFICO,FES ACATLÁN,Escolarizado,https://www.dgae.unam.mx/Licenciatura2026/resultados_control/4/40602005.html,36,157,91,62,45,336656,88,S,Seleccionada/o,Cita para entregar documentación.,
4,Licenciatura 2026,406,40602005,DISEÑO GRAFICO,FES ACATLÁN,Escolarizado,https://www.dgae.unam.mx/Licenciatura2026/resultados_control/4/40602005.html,36,157,91,62,45,336688,68,S,Seleccionada/o,Cita para entregar documentación.,
4,Licenciatura 2026,406,40602005,DISEÑO GRAFICO,FES ACATLÁN,Escolarizado,https://www.dgae.unam.mx/Licenciatura2026/resultados_control/4/40602005.html,36,157,91,62,45,336720,52,,No seleccionada/o,,
4,Licenciatura 2026,406,40602005,DISEÑO GRAFICO,FES ACATLÁN,Escolarizado,https://www.dgae.unam.mx/Licenciatura2026/resultados_control/4/40602005.html,36,157,91,62,45,336763,,N,No presentada/o,,
4,Licenciatura 2026,406,40602005,DISEÑO GRAFICO,FES ACATLÁN,Escolarizado,https://www.dgae.unam.mx/Licenciatura2026/resultados_control/4/40602005.html,36,157,91,62,45,336937,,N,No presentada/o,,
4,Licenciatura 2026,406,40602005,DISEÑO GRAFICO,FES ACATLÁN,Escolarizado,https://www.dgae.unam.mx/Licenciatura2026/resultados_control/4/40602005.html,36,157,91,62,45,337250,50,,No seleccionada/o,,
4,Licenciatura 2026,406,40602005,DISEÑO GRAFICO,FES ACATLÁN,Escolarizado,https://www.dgae.unam.mx/Licenciatura2026/resultados_control/4/40602005.html,36,157,91,62,45,337454,73,S,Seleccionada/o,Cita para entregar documentación.,
4,Licenciatura 2026,406,40602005,DISEÑO GRAFICO,FES ACATLÁN,Escolarizado,https://www.dgae.unam.mx/Licenciatura2026/resultados_control/4/40602005.html,36,157,91,62,45,337575,60,,No seleccionada/o,,
4,Licenciatura 2026,406,40602005,DISEÑO GRAFICO,FES ACATLÁN,Escolarizado,https://www.dgae.unam.mx/Licenciatura2026/resultados_control/4/40602005.html,36,157,91,62,45,337680,,N,No presentada/o,,
4,Licenciatura 2026,406,40602005,DISEÑO GRAFICO,FES ACATLÁN,Escolarizado,https://www.dgae.unam.mx/Licenciatura2026/resultados_control/4/40602005.html,36,157,91,62,45,337795,,N,No presentada/o,,
4,Licenciatura 2026,406,40602005,DISEÑO GRAFICO,FES ACATLÁN,Escolarizado,https://www.dgae.unam.mx/Licenciatura2026/resultados_control/4/40602005.html,36,157,91,62,45,337816,47,,No seleccionada/o,,
4,Licenciatura 2026,406,40602005,DISEÑO GRAFICO,FES ACATLÁN,Escolarizado,https://www.dgae.unam.mx/Licenciatura2026/resultados_control/4/40602005.html,36,157,91,62,45,337928,85,S,Seleccionada/o,Cita para entregar documentación.,
4,Licenciatura 2026,406,40602005,DISEÑO GRAFICO,FES ACATLÁN,Escolarizado,https://www.dgae.unam.mx/Licenciatura2026/resultados_control/4/40602005.html,36,157,91,62,45,338054,,N,No presentada/o,,
4,Licenciatura 2026,406,40602005,DISEÑO GRAFICO,FES ACATLÁN,Escolarizado,https://www.dgae.unam.mx/Licenciatura2026/resultados_control/4/40602005.html,36,157,91,62,45,338108,85,S,Seleccionada/o,,
4,Licenciatura 2026,406,40602005,DISEÑO GRAFICO,FES ACATLÁN,Escolarizado,https://www.dgae.unam.mx/Licenciatura2026/resultados_control/4/40602005.html,36,157,91,62,45,338176,62,S,Seleccionada/o,Cita para entregar documentación.,
4,Licenciatura 2026,406,40602005,DISEÑO GRAFICO,FES ACATLÁN,Escolarizado,https://www.dgae.unam.mx/Licenciatura2026/resultados_control/4/40602005.html,36,157,91,62,45,338241,50,,No seleccionada/o,,
4,Licenciatura 2026,406,40602005,DISEÑO GRAFICO,FES ACATLÁN,Escolarizado,https://www.dgae.unam.mx/Licenciatura2026/resultados_control/4/40602005.html,36,157,91,62,45,338242,,N,No presentada/o,,
4,Licenciatura 2026,406,40602005,DISEÑO GRAFICO,FES ACATLÁN,Escolarizado,https://www.dgae.unam.mx/Licenciatura2026/resultados_control/4/40602005.html,36,157,91,62,45,338316,43,,No seleccionada/o,,
4,Licenciatura 2026,406,40602005,DISEÑO GRAFICO,FES ACATLÁN,Escolarizado,https://www.dgae.unam.mx/Licenciatura2026/resultados_control/4/40602005.html,36,157,91,62,45,338357,,N,No presentada/o,,
4,Licenciatura 2026,406,40602005,DISEÑO GRAFICO,FES ACATLÁN,Escolarizado,https://www.dgae.unam.mx/Licenciatura2026/resultados_control/4/40602005.html,36,157,91,62,45,338450,54,,No seleccionada/o,,
4,Licenciatura 2026,406,40602005,DISEÑO GRAFICO,FES ACATLÁN,Escolarizado,https://www.dgae.unam.mx/Licenciatura2026/resultados_control/4/40602005.html,36,157,91,62,45,338559,40,,No seleccionada/o,,
4,Licenciatura 2026,406,40602005,DISEÑO GRAFICO,FES ACATLÁN,Escolarizado,https://www.dgae.unam.mx/Licenciatura2026/resultados_control/4/40602005.html,36,157,91,62,45,338596,47,,No seleccionada/o,,
4,Licenciatura 2026,406,40602005,DISEÑO GRAFICO,FES ACATLÁN,Escolarizado,https://www.dgae.unam.mx/Licenciatura2026/resultados_control/4/40602005.html,36,157,91,62,45,338669,65,S,Seleccionada/o,,
4,Licenciatura 2026,406,40602005,DISEÑO GRAFICO,FES ACATLÁN,Escolarizado,https://www.dgae.unam.mx/Licenciatura2026/resultados_control/4/40602005.html,36,157,91,62,45,338694,51,,No seleccionada/o,,
4,Licenciatura 2026,406,40602005,DISEÑO GRAFICO,FES ACATLÁN,Escolarizado,https://www.dgae.unam.mx/Licenciatura2026/resultados_control/4/40602005.html,36,157,91,62,45,338833,37,,No seleccionada/o,,
4,Licenciatura 2026,406,40602005,DISEÑO GRAFICO,FES ACATLÁN,Escolarizado,https://www.dgae.unam.mx/Licenciatura2026/resultados_control/4/40602005.html,36,157,91,62,45,338842,,N,No presentada/o,,
4,Licenciatura 2026,406,40602005,DISEÑO GRAFICO,FES ACATLÁN,Escolarizado,https://www.dgae.unam.mx/Licenciatura2026/resultados_control/4/40602005.html,36,157,91,62,45,338910,47,,No seleccionada/o,,
4,Licenciatura 2026,406,40602005,DISEÑO GRAFICO,FES ACATLÁN,Escolarizado,https://www.dgae.unam.mx/Licenciatura2026/resultados_control/4/40602005.html,36,157,91,62,45,338912,,N,No presentada/o,,
4,Licenciatura 2026,406,40602005,DISEÑO GRAFICO,FES ACATLÁN,Escolarizado,https://www.dgae.unam.mx/Licenciatura2026/resultados_control/4/40602005.html,36,157,91,62,45,339005,79,S,Seleccionada/o,Cita para entregar documentación.,
4,Licenciatura 2026,406,40602005,DISEÑO GRAFICO,FES ACATLÁN,Escolarizado,https://www.dgae.unam.mx/Licenciatura2026/resultados_control/4/40602005.html,36,157,91,62,45,339409,67,S,Seleccionada/o,,
4,Licenciatura 2026,406,40602005,DISEÑO GRAFICO,FES ACATLÁN,Escolarizado,https://www.dgae.unam.mx/Licenciatura2026/resultados_control/4/40602005.html,36,157,91,62,45,339656,85,S,Seleccionada/o,Cita para entregar documentación.,
4,Licenciatura 2026,406,40602005,DISEÑO GRAFICO,FES ACATLÁN,Escolarizado,https://www.dgae.unam.mx/Licenciatura2026/resultados_control/4/40602005.html,36,157,91,62,45,339682,30,,No seleccionada/o,,
4,Licenciatura 2026,406,40602005,DISEÑO GRAFICO,FES ACATLÁN,Escolarizado,https://www.dgae.unam.mx/Licenciatura2026/resultados_control/4/40602005.html,36,157,91,62,45,339703,,N,No presentada/o,,
4,Licenciatura 2026,406,40602005,DISEÑO GRAFICO,FES ACATLÁN,Escolarizado,https://www.dgae.unam.mx/Licenciatura2026/resultados_control/4/40602005.html,36,157,91,62,45,339741,78,S,Seleccionada/o,Cita para entregar documentación.,
4,Licenciatura 2026,406,40602005,DISEÑO GRAFICO,FES ACATLÁN,Escolarizado,https://www.dgae.unam.mx/Licenciatura2026/resultados_control/4/40602005.html,36,157,91,62,45,339905,,N,No presentada/o,,
4,Licenciatura 2026,406,40602005,DISEÑO GRAFICO,FES ACATLÁN,Escolarizado,https://www.dgae.unam.mx/Licenciatura2026/resultados_control/4/40602005.html,36,157,91,62,45,340067,72,S,Seleccionada/o,Cita para entregar documentación.,
4,Licenciatura 2026,406,40602005,DISEÑO GRAFICO,FES ACATLÁN,Escolarizado,https://www.dgae.unam.mx/Licenciatura2026/resultados_control/4/40602005.html,36,157,91,62,45,340170,58,,No seleccionada/o,,
4,Licenciatura 2026,406,40602005,DISEÑO GRAFICO,FES ACATLÁN,Escolarizado,https://www.dgae.unam.mx/Licenciatura2026/resultados_control/4/40602005.html,36,157,91,62,45,340258,48,,No seleccionada/o,,
4,Licenciatura 2026,406,40602005,DISEÑO GRAFICO,FES ACATLÁN,Escolarizado,https://www.dgae.unam.mx/Licenciatura2026/resultados_control/4/40602005.html,36,157,91,62,45,340278,,N,No presentada/o,,
4,Licenciatura 2026,406,40602005,DISEÑO GRAFICO,FES ACATLÁN,Escolarizado,https://www.dgae.unam.mx/Licenciatura2026/resultados_control/4/40602005.html,36,157,91,62,45,340459,39,,No seleccionada/o,,
4,Licenciatura 2026,406,40602005,DISEÑO GRAFICO,FES ACATLÁN,Escolarizado,https://www.dgae.unam.mx/Licenciatura2026/resultados_control/4/40602005.html,36,157,91,62,45,340553,,N,No presentada/o,,
4,Licenciatura 2026,406,40602005,DISEÑO GRAFICO,FES ACATLÁN,Escolarizado,https://www.dgae.unam.mx/Licenciatura2026/resultados_control/4/40602005.html,36,157,91,62,45,340601,,N,No presentada/o,,
4,Licenciatura 2026,406,40602005,DISEÑO GRAFICO,FES ACATLÁN,Escolarizado,https://www.dgae.unam.mx/Licenciatura2026/resultados_control/4/40602005.html,36,157,91,62,45,340690,84,S,Seleccionada/o,,
4,Licenciatura 2026,406,40602005,DISEÑO GRAFICO,FES ACATLÁN,Escolarizado,https://www.dgae.unam.mx/Licenciatura2026/resultados_control/4/40602005.html,36,157,91,62,45,340739,,N,No presentada/o,,
4,Licenciatura 2026,406,40602005,DISEÑO GRAFICO,FES ACATLÁN,Escolarizado,https://www.dgae.unam.mx/Licenciatura2026/resultados_control/4/40602005.html,36,157,91,62,45,341000,33,,No seleccionada/o,,
4,Licenciatura 2026,406,40602005,DISEÑO GRAFICO,FES ACATLÁN,Escolarizado,https://www.dgae.unam.mx/Licenciatura2026/resultados_control/4/40602005.html,36,157,91,62,45,341026,33,,No seleccionada/o,,
4,Licenciatura 2026,406,40602005,DISEÑO GRAFICO,FES ACATLÁN,Escolarizado,https://www.dgae.unam.mx/Licenciatura2026/resultados_control/4/40602005.html,36,157,91,62,45,341041,97,S,Seleccionada/o,,
4,Licenciatura 2026,406,40602005,DISEÑO GRAFICO,FES ACATLÁN,Escolarizado,https://www.dgae.unam.mx/Licenciatura2026/resultados_control/4/40602005.html,36,157,91,62,45,341244,81,S,Seleccionada/o,Cita para entregar documentación.,
4,Licenciatura 2026,406,40602005,DISEÑO GRAFICO,FES ACATLÁN,Escolarizado,https://www.dgae.unam.mx/Licenciatura2026/resultados_control/4/40602005.html,36,157,91,62,45,341506,,N,No presentada/o,,
4,Licenciatura 2026,406,40602005,DISEÑO GRAFICO,FES ACATLÁN,Escolarizado,https://www.dgae.unam.mx/Licenciatura2026/resultados_control/4/40602005.html,36,157,91,62,45,341624,,N,No presentada/o,,
4,Licenciatura 2026,406,40602005,DISEÑO GRAFICO,FES ACATLÁN,Escolarizado,https://www.dgae.unam.mx/Licenciatura2026/resultados_control/4/40602005.html,36,157,91,62,45,341818,31,,No seleccionada/o,,
4,Licenciatura 2026,406,40602005,DISEÑO GRAFICO,FES ACATLÁN,Escolarizado,https://www.dgae.unam.mx/Licenciatura2026/resultados_control/4/40602005.html,36,157,91,62,45,341915,,N,No presentada/o,,
4,Licenciatura 2026,406,40602005,DISEÑO GRAFICO,FES ACATLÁN,Escolarizado,https://www.dgae.unam.mx/Licenciatura2026/resultados_control/4/40602005.html,36,157,91,62,45,341941,75,S,Seleccionada/o,Cita para entregar documentación.,
4,Licenciatura 2026,406,40602005,DISEÑO GRAFICO,FES ACATLÁN,Escolarizado,https://www.dgae.unam.mx/Licenciatura2026/resultados_control/4/40602005.html,36,157,91,62,45,342196,65,S,Seleccionada/o,Cita para entregar documentación.,
4,Licenciatura 2026,406,40602005,DISEÑO GRAFICO,FES ACATLÁN,Escolarizado,https://www.dgae.unam.mx/Licenciatura2026/resultados_control/4/40602005.html,36,157,91,62,45,342249,66,S,Seleccionada/o,Cita para entregar documentación.,
4,Licenciatura 2026,406,40602005,DISEÑO GRAFICO,FES ACATLÁN,Escolarizado,https://www.dgae.unam.mx/Licenciatura2026/resultados_control/4/40602005.html,36,157,91,62,45,342493,,S,Seleccionada/o,Cita para aclarar situación escolar.,
4,Licenciatura 2026,406,40602005,DISEÑO GRAFICO,FES ACATLÁN,Escolarizado,https://www.dgae.unam.mx/Licenciatura2026/resultados_control/4/40602005.html,36,157,91,62,45,342653,79,S,Seleccionada/o,Cita para entregar documentación.,
4,Licenciatura 2026,406,40602005,DISEÑO GRAFICO,FES ACATLÁN,Escolarizado,https://www.dgae.unam.mx/Licenciatura2026/resultados_control/4/40602005.html,36,157,91,62,45,342801,,N,No presentada/o,,
4,Licenciatura 2026,406,40602005,DISEÑO GRAFICO,FES ACATLÁN,Escolarizado,https://www.dgae.unam.mx/Licenciatura2026/resultados_control/4/40602005.html,36,157,91,62,45,342919,41,,No seleccionada/o,,
4,Licenciatura 2026,406,40602005,DISEÑO GRAFICO,FES ACATLÁN,Escolarizado,https://www.dgae.unam.mx/Licenciatura2026/resultados_control/4/40602005.html,36,157,91,62,45,343260,95,S,Seleccionada/o,,
4,Licenciatura 2026,406,40602005,DISEÑO GRAFICO,FES ACATLÁN,Escolarizado,https://www.dgae.unam.mx/Licenciatura2026/resultados_control/4/40602005.html,36,157,91,62,45,343390,45,,No seleccionada/o,,
4,Licenciatura 2026,406,40602005,DISEÑO GRAFICO,FES ACATLÁN,Escolarizado,https://www.dgae.unam.mx/Licenciatura2026/resultados_control/4/40602005.html,36,157,91,62,45,343593,60,,No seleccionada/o,,
4,Licenciatura 2026,406,40602005,DISEÑO GRAFICO,FES ACATLÁN,Escolarizado,https://www.dgae.unam.mx/Licenciatura2026/resultados_control/4/40602005.html,36,157,91,62,45,343773,,N,No presentada/o,,
4,Licenciatura 2026,406,40602005,DISEÑO GRAFICO,FES ACATLÁN,Escolarizado,https://www.dgae.unam.mx/Licenciatura2026/resultados_control/4/40602005.html,36,157,91,62,45,343798,,N,No presentada/o,,
4,Licenciatura 2026,406,40602005,DISEÑO GRAFICO,FES ACATLÁN,Escolarizado,https://www.dgae.unam.mx/Licenciatura2026/resultados_control/4/40602005.html,36,157,91,62,45,343842,58,,No seleccionada/o,,
4,Licenciatura 2026,406,40602005,DISEÑO GRAFICO,FES ACATLÁN,Escolarizado,https://www.dgae.unam.mx/Licenciatura2026/resultados_control/4/40602005.html,36,157,91,62,45,343995,,N,No presentada/o,,
4,Licenciatura 2026,406,40602005,DISEÑO GRAFICO,FES ACATLÁN,Escolarizado,https://www.dgae.unam.mx/Licenciatura2026/resultados_control/4/40602005.html,36,157,91,62,45,344259,84,S,Seleccionada/o,Cita para entregar documentación.,
4,Licenciatura 2026,406,40602005,DISEÑO GRAFICO,FES ACATLÁN,Escolarizado,https://www.dgae.unam.mx/Licenciatura2026/resultados_control/4/40602005.html,36,157,91,62,45,344617,,N,No presentada/o,,
4,Licenciatura 2026,406,40602005,DISEÑO GRAFICO,FES ACATLÁN,Escolarizado,https://www.dgae.unam.mx/Licenciatura2026/resultados_control/4/40602005.html,36,157,91,62,45,344714,60,,No seleccionada/o,,
4,Licenciatura 2026,406,40602005,DISEÑO GRAFICO,FES ACATLÁN,Escolarizado,https://www.dgae.unam.mx/Licenciatura2026/resultados_control/4/40602005.html,36,157,91,62,45,344728,39,,No seleccionada/o,,
4,Licenciatura 2026,406,40602005,DISEÑO GRAFICO,FES ACATLÁN,Escolarizado,https://www.dgae.unam.mx/Licenciatura2026/resultados_control/4/40602005.html,36,157,91,62,45,344805,77,S,Seleccionada/o,Cita para entregar documentación.,
4,Licenciatura 2026,406,40602005,DISEÑO GRAFICO,FES ACATLÁN,Escolarizado,https://www.dgae.unam.mx/Licenciatura2026/resultados_control/4/40602005.html,36,157,91,62,45,344818,,N,No presentada/o,,
4,Licenciatura 2026,406,40602005,DISEÑO GRAFICO,FES ACATLÁN,Escolarizado,https://www.dgae.unam.mx/Licenciatura2026/resultados_control/4/40602005.html,36,157,91,62,45,345077,,N,No presentada/o,,
4,Licenciatura 2026,406,40602005,DISEÑO GRAFICO,FES ACATLÁN,Escolarizado,https://www.dgae.unam.mx/Licenciatura2026/resultados_control/4/40602005.html,36,157,91,62,45,345412,,N,No presentada/o,,
4,Licenciatura 2026,406,40602005,DISEÑO GRAFICO,FES ACATLÁN,Escolarizado,https://www.dgae.unam.mx/Licenciatura2026/resultados_control/4/40602005.html,36,157,91,62,45,345489,50,,No seleccionada/o,,
4,Licenciatura 2026,406,40602005,DISEÑO GRAFICO,FES ACATLÁN,Escolarizado,https://www.dgae.unam.mx/Licenciatura2026/resultados_control/4/40602005.html,36,157,91,62,45,345592,,N,No presentada/o,,
4,Licenciatura 2026,406,40602005,DISEÑO GRAFICO,FES ACATLÁN,Escolarizado,https://www.dgae.unam.mx/Licenciatura2026/resultados_control/4/40602005.html,36,157,91,62,45,345594,,N,No presentada/o,,
4,Licenciatura 2026,406,40602005,DISEÑO GRAFICO,FES ACATLÁN,Escolarizado,https://www.dgae.unam.mx/Licenciatura2026/resultados_control/4/40602005.html,36,157,91,62,45,346248,,N,No presentada/o,,
4,Licenciatura 2026,406,40602005,DISEÑO GRAFICO,FES ACATLÁN,Escolarizado,https://www.dgae.unam.mx/Licenciatura2026/resultados_control/4/40602005.html,36,157,91,62,45,346280,,N,No presentada/o,,
4,Licenciatura 2026,406,40602005,DISEÑO GRAFICO,FES ACATLÁN,Escolarizado,https://www.dgae.unam.mx/Licenciatura2026/resultados_control/4/40602005.html,36,157,91,62,45,346348,79,S,Seleccionada/o,Cita para entregar documentación.,
4,Licenciatura 2026,406,40602005,DISEÑO GRAFICO,FES ACATLÁN,Escolarizado,https://www.dgae.unam.mx/Licenciatura2026/resultados_control/4/40602005.html,36,157,91,62,45,346489,,N,No presentada/o,,
4,Licenciatura 2026,406,40602005,DISEÑO GRAFICO,FES ACATLÁN,Escolarizado,https://www.dgae.unam.mx/Licenciatura2026/resultados_control/4/40602005.html,36,157,91,62,45,346902,,N,No presentada/o,,
4,Licenciatura 2026,406,40602005,DISEÑO GRAFICO,FES ACATLÁN,Escolarizado,https://www.dgae.unam.mx/Licenciatura2026/resultados_control/4/40602005.html,36,157,91,62,45,346936,101,S,Seleccionada/o,Cita para entregar documentación.,
4,Licenciatura 2026,406,40602005,DISEÑO GRAFICO,FES ACATLÁN,Escolarizado,https://www.dgae.unam.mx/Licenciatura2026/resultados_control/4/40602005.html,36,157,91,62,45,347820,32,,No seleccionada/o,,
4,Licenciatura 2026,406,40602005,DISEÑO GRAFICO,FES ACATLÁN,Escolarizado,https://www.dgae.unam.mx/Licenciatura2026/resultados_control/4/40602005.html,36,157,91,62,45,347824,110,S,Seleccionada/o,Cita para entregar documentación.,
